690931900
693324300
693332000
693912200
693914400
693915900
693924000
694103200
696064400
696070800
696097600
696098400
696101300
696104100
696108800
696136200
696141400
696144400
696161600
696162400
696171400
696174100
696211900
696212000
696212200
696212500
696212900
696213300
696213500
696213600
696213700
696214100
696214800
696215200
696216200
696295400
696295700
696296100
696299500
696300600
696307700
696310100
696311700
696314000
696395700
696396300
696625100
697406700
697443600
697447100
697450900
697454600
697455400
697456500
697458500
697459300
697968200
697969600
697970900
697974500
697976000
697977000
697980700
697983700
697985800
698105500
698110500
698115700
698124100
698127200
698129900
698278600
698279600
698280200
698280600
698281200
698326300
698328500
698329700
698332200
698335300
698338500
698341900
698359900
698363200
698373700
698376700
698379800
698383200
698386400
699053200
699053600
699054100
699054300
699054800
699055000
699069400
699069500
699069700
699069900
699070200
699070300
699070400
699079900
699080000
699096800
699097100
699133900
699134300
699134800
699135500
699136000
699137700
699162900
699163600
699164100
699164500
699166400
699166600
699169900
699253800
699254500
699255000
699255700
699256300
699256600
699257100
699257700
699258000
699258400
699258600
699272900
699273200
699273500
699274300
699287200
699287400
699287600
699287800
699292900
699293100
699293200
699293400
699293500
699293700
699295400
699335500
699335700
699335800
699336000
699336100
699336200
699336500
699336700
699337500
699337900
699338000
699338300
699339000
699339100
699339200
699339500
699339800
699339900
699563000
699601600
699603600
699619200
699619800
699620100
699620200
699631500
699631700
699631800
699632000
699632100
699632200
699632300
699632500
699632600
699635600
699637300
699637500
699637800
699637900
699638500
699638700
699639600
699640400
699640600
699640700
699641600
699641700
699641900
699642000
699642100
699642300
699680100
699680300
699680400
699680500
699680700
699680800
699681000
699681200
699681300
699681500
699697700
699698100
699698400
699698600
699698900
699699300
699699700
699700100
699700300
699700500
699701200
699701500
699992100
699997500
699997700
700004000
700039600
700039800
700041800
700105000
700105700
700283200
700332400
700335100
700335500
700336100
700386500
700386700
700390500
700401500
700416200
700649300
700649600
700650200
700650400
700650900
700651100
700651400
700651700
700652100
700652300
700652400
700652800
700654400
700654700
700655100
700656900
700657100
700658000
700665900
700666400
700668200
700673800
700674200
700674600
700675100
700675600
700678900
700679300
700679800
700680400
700680900
700681200
700682100
700682800
700683400
700683800
700731600
700731700
700743100
700743300
700743600
700743700
700743800
700743900
700744100
700744600
700744700
700751500
700751800
700752300
700752500
700752600
700752800
700752900
700753000
700753100
700754600
700754700
700754800
700754900
700836300
700838600
700840100
700841100
700843000
700844200
700845100
700846700
700859700
700859900
700860100
700862200
700862500
700863000
700863700
700864700
700908000
700908500
700909600
700909800
700922900
700923700
700924400
700925000
700925600
700927700
700928100
700928800
700929400
700940900
700942200
700942800
700943400
700944000
700944600
700976400
700976600
700976700
700977200
700977500
700978000
700978100
700978400
700978700
700979100
700979500
700979900
700980100
700980800
700981600
700981800
700982300
700982700
700983100
700983600
700984200
700984600
700985000
700985400
700992500
700992700
700992900
700993200
700993300
700993900
700994100
700994400
700994600
700994800
700995000
701001100
701001400
701001700
701002000
701002100
701002300
701002400
701002700
701002900
701003100
701003400
701009600
701010900
701011100
701011400
701011500
701011600
701011700
701011800
701011900
701018400
701018500
701021000
701021100
701021200
701093900
701094300
701096100
701096200
701096300
701096700
701124200
701124400
701124600
701144100
701145900
701148100
701149000
701152900
701160700
701166700
701172800
701180800
701189600
701276100
701356000
701471700
701522100
701523900
701524200
701524400
701524500
701524800
701525100
701525200
701590300
701591300
701591500
701591800
701592000
701592100
701592300
701592700
701593800
701595200
701596000
701597100
701598500
701599300
701612200
701612300
701612400
701612600
701613000
701613300
701640100
701775300
701810500
701921800
701923900
701925100
701926400
701927600
701929100
701930700
701931500
701941600
701944900
701951400
701952000
701953000
701954000
701955200
701956700
701957800
701958800
701960000
701961300
701961900
701962900
701963700
701965500
701966800
701967300
701968000
701973200
701974700
701976500
701979900
702079300
702079900
702183900
702184000
702184100
702184200
702184300
702184500
702184700
702187100
702223400
702223500
702223600
702223800
702224000
702224100
702224400
702224500
702224600
702225600
702225700
702250100
702252600